 1 0.09781476 0.02079117 0.15
 31 0.19562952 0.04158234 0.0
 61 0.2445369 0.05197792 0.0
 91 0.2445369 0.05197792 0.05
 121 0.19562952 0.04158234 0.2
 151 0.19562952 0.04158234 0.3
 181 0.2445369 0.05197792 0.45
 211 0.2445369 0.05197792 0.5
 241 0.19562952 0.04158234 0.5
 271 0.09781476 0.02079117 0.35
 2 0.09135455 0.040673666 0.15
 32 0.1827091 0.08134733 0.0
 62 0.22838636 0.10168416 0.0
 92 0.22838636 0.10168416 0.05
 122 0.1827091 0.08134733 0.2
 152 0.1827091 0.08134733 0.3
 182 0.22838636 0.10168416 0.45
 212 0.22838636 0.10168416 0.5
 242 0.1827091 0.08134733 0.5
 272 0.09135455 0.040673666 0.35
 3 0.0809017 0.058778524 0.15
 33 0.1618034 0.11755705 0.0
 63 0.20225425 0.14694631 0.0
 93 0.20225425 0.14694631 0.05
 123 0.1618034 0.11755705 0.2
 153 0.1618034 0.11755705 0.3
 183 0.20225425 0.14694631 0.45
 213 0.20225425 0.14694631 0.5
 243 0.1618034 0.11755705 0.5
 273 0.0809017 0.058778524 0.35
 4 0.06691306 0.07431448 0.15
 34 0.13382612 0.14862897 0.0
 64 0.16728266 0.1857862 0.0
 94 0.16728266 0.1857862 0.05
 124 0.13382612 0.14862897 0.2
 154 0.13382612 0.14862897 0.3
 184 0.16728266 0.1857862 0.45
 214 0.16728266 0.1857862 0.5
 244 0.13382612 0.14862897 0.5
 274 0.06691306 0.07431448 0.35
 5 0.05 0.08660254 0.15
 35 0.1 0.17320508 0.0
 65 0.125 0.21650635 0.0
 95 0.125 0.21650635 0.05
 125 0.1 0.17320508 0.2
 155 0.1 0.17320508 0.3
 185 0.125 0.21650635 0.45
 215 0.125 0.21650635 0.5
 245 0.1 0.17320508 0.5
 275 0.05 0.08660254 0.35
 6 0.0309017 0.095105655 0.15
 36 0.0618034 0.19021131 0.0
 66 0.07725425 0.23776414 0.0
 96 0.07725425 0.23776414 0.05
 126 0.0618034 0.19021131 0.2
 156 0.0618034 0.19021131 0.3
 186 0.07725425 0.23776414 0.45
 216 0.07725425 0.23776414 0.5
 246 0.0618034 0.19021131 0.5
 276 0.0309017 0.095105655 0.35
 7 0.010452846 0.09945219 0.15
 37 0.020905692 0.19890438 0.0
 67 0.026132116 0.24863048 0.0
 97 0.026132116 0.24863048 0.05
 127 0.020905692 0.19890438 0.2
 157 0.020905692 0.19890438 0.3
 187 0.026132116 0.24863048 0.45
 217 0.026132116 0.24863048 0.5
 247 0.020905692 0.19890438 0.5
 277 0.010452846 0.09945219 0.35
 8 -0.010452846 0.09945219 0.15
 38 -0.020905692 0.19890438 0.0
 68 -0.026132116 0.24863048 0.0
 98 -0.026132116 0.24863048 0.05
 128 -0.020905692 0.19890438 0.2
 158 -0.020905692 0.19890438 0.3
 188 -0.026132116 0.24863048 0.45
 218 -0.026132116 0.24863048 0.5
 248 -0.020905692 0.19890438 0.5
 278 -0.010452846 0.09945219 0.35
 9 -0.0309017 0.095105655 0.15
 39 -0.0618034 0.19021131 0.0
 69 -0.07725425 0.23776414 0.0
 99 -0.07725425 0.23776414 0.05
 129 -0.0618034 0.19021131 0.2
 159 -0.0618034 0.19021131 0.3
 189 -0.07725425 0.23776414 0.45
 219 -0.07725425 0.23776414 0.5
 249 -0.0618034 0.19021131 0.5
 279 -0.0309017 0.095105655 0.35
 10 -0.05 0.08660254 0.15
 40 -0.1 0.17320508 0.0
 70 -0.125 0.21650635 0.0
 100 -0.125 0.21650635 0.05
 130 -0.1 0.17320508 0.2
 160 -0.1 0.17320508 0.3
 190 -0.125 0.21650635 0.45
 220 -0.125 0.21650635 0.5
 250 -0.1 0.17320508 0.5
 280 -0.05 0.08660254 0.35
 11 -0.06691306 0.07431448 0.15
 41 -0.13382612 0.14862897 0.0
 71 -0.16728266 0.1857862 0.0
 101 -0.16728266 0.1857862 0.05
 131 -0.13382612 0.14862897 0.2
 161 -0.13382612 0.14862897 0.3
 191 -0.16728266 0.1857862 0.45
 221 -0.16728266 0.1857862 0.5
 251 -0.13382612 0.14862897 0.5
 281 -0.06691306 0.07431448 0.35
 12 -0.0809017 0.058778524 0.15
 42 -0.1618034 0.11755705 0.0
 72 -0.20225425 0.14694631 0.0
 102 -0.20225425 0.14694631 0.05
 132 -0.1618034 0.11755705 0.2
 162 -0.1618034 0.11755705 0.3
 192 -0.20225425 0.14694631 0.45
 222 -0.20225425 0.14694631 0.5
 252 -0.1618034 0.11755705 0.5
 282 -0.0809017 0.058778524 0.35
 13 -0.09135455 0.040673666 0.15
 43 -0.1827091 0.08134733 0.0
 73 -0.22838636 0.10168416 0.0
 103 -0.22838636 0.10168416 0.05
 133 -0.1827091 0.08134733 0.2
 163 -0.1827091 0.08134733 0.3
 193 -0.22838636 0.10168416 0.45
 223 -0.22838636 0.10168416 0.5
 253 -0.1827091 0.08134733 0.5
 283 -0.09135455 0.040673666 0.35
 14 -0.09781476 0.02079117 0.15
 44 -0.19562952 0.04158234 0.0
 74 -0.2445369 0.05197792 0.0
 104 -0.2445369 0.05197792 0.05
 134 -0.19562952 0.04158234 0.2
 164 -0.19562952 0.04158234 0.3
 194 -0.2445369 0.05197792 0.45
 224 -0.2445369 0.05197792 0.5
 254 -0.19562952 0.04158234 0.5
 284 -0.09781476 0.02079117 0.35
 15 -0.1 0.0 0.15
 45 -0.2 0.0 0.0
 75 -0.25 0.0 0.0
 105 -0.25 0.0 0.05
 135 -0.2 0.0 0.2
 165 -0.2 0.0 0.3
 195 -0.25 0.0 0.45
 225 -0.25 0.0 0.5
 255 -0.2 0.0 0.5
 285 -0.1 0.0 0.35
 16 -0.09781476 -0.02079117 0.15
 46 -0.19562952 -0.04158234 0.0
 76 -0.2445369 -0.05197792 0.0
 106 -0.2445369 -0.05197792 0.05
 136 -0.19562952 -0.04158234 0.2
 166 -0.19562952 -0.04158234 0.3
 196 -0.2445369 -0.05197792 0.45
 226 -0.2445369 -0.05197792 0.5
 256 -0.19562952 -0.04158234 0.5
 286 -0.09781476 -0.02079117 0.35
 17 -0.09135455 -0.040673666 0.15
 47 -0.1827091 -0.08134733 0.0
 77 -0.22838636 -0.10168416 0.0
 107 -0.22838636 -0.10168416 0.05
 137 -0.1827091 -0.08134733 0.2
 167 -0.1827091 -0.08134733 0.3
 197 -0.22838636 -0.10168416 0.45
 227 -0.22838636 -0.10168416 0.5
 257 -0.1827091 -0.08134733 0.5
 287 -0.09135455 -0.040673666 0.35
 18 -0.0809017 -0.058778524 0.15
 48 -0.1618034 -0.11755705 0.0
 78 -0.20225425 -0.14694631 0.0
 108 -0.20225425 -0.14694631 0.05
 138 -0.1618034 -0.11755705 0.2
 168 -0.1618034 -0.11755705 0.3
 198 -0.20225425 -0.14694631 0.45
 228 -0.20225425 -0.14694631 0.5
 258 -0.1618034 -0.11755705 0.5
 288 -0.0809017 -0.058778524 0.35
 19 -0.06691306 -0.07431448 0.15
 49 -0.13382612 -0.14862897 0.0
 79 -0.16728266 -0.1857862 0.0
 109 -0.16728266 -0.1857862 0.05
 139 -0.13382612 -0.14862897 0.2
 169 -0.13382612 -0.14862897 0.3
 199 -0.16728266 -0.1857862 0.45
 229 -0.16728266 -0.1857862 0.5
 259 -0.13382612 -0.14862897 0.5
 289 -0.06691306 -0.07431448 0.35
 20 -0.05 -0.08660254 0.15
 50 -0.1 -0.17320508 0.0
 80 -0.125 -0.21650635 0.0
 110 -0.125 -0.21650635 0.05
 140 -0.1 -0.17320508 0.2
 170 -0.1 -0.17320508 0.3
 200 -0.125 -0.21650635 0.45
 230 -0.125 -0.21650635 0.5
 260 -0.1 -0.17320508 0.5
 290 -0.05 -0.08660254 0.35
 21 -0.0309017 -0.095105655 0.15
 51 -0.0618034 -0.19021131 0.0
 81 -0.07725425 -0.23776414 0.0
 111 -0.07725425 -0.23776414 0.05
 141 -0.0618034 -0.19021131 0.2
 171 -0.0618034 -0.19021131 0.3
 201 -0.07725425 -0.23776414 0.45
 231 -0.07725425 -0.23776414 0.5
 261 -0.0618034 -0.19021131 0.5
 291 -0.0309017 -0.095105655 0.35
 22 -0.010452846 -0.09945219 0.15
 52 -0.020905692 -0.19890438 0.0
 82 -0.026132116 -0.24863048 0.0
 112 -0.026132116 -0.24863048 0.05
 142 -0.020905692 -0.19890438 0.2
 172 -0.020905692 -0.19890438 0.3
 202 -0.026132116 -0.24863048 0.45
 232 -0.026132116 -0.24863048 0.5
 262 -0.020905692 -0.19890438 0.5
 292 -0.010452846 -0.09945219 0.35
 23 0.010452846 -0.09945219 0.15
 53 0.020905692 -0.19890438 0.0
 83 0.026132116 -0.24863048 0.0
 113 0.026132116 -0.24863048 0.05
 143 0.020905692 -0.19890438 0.2
 173 0.020905692 -0.19890438 0.3
 203 0.026132116 -0.24863048 0.45
 233 0.026132116 -0.24863048 0.5
 263 0.020905692 -0.19890438 0.5
 293 0.010452846 -0.09945219 0.35
 24 0.0309017 -0.095105655 0.15
 54 0.0618034 -0.19021131 0.0
 84 0.07725425 -0.23776414 0.0
 114 0.07725425 -0.23776414 0.05
 144 0.0618034 -0.19021131 0.2
 174 0.0618034 -0.19021131 0.3
 204 0.07725425 -0.23776414 0.45
 234 0.07725425 -0.23776414 0.5
 264 0.0618034 -0.19021131 0.5
 294 0.0309017 -0.095105655 0.35
 25 0.05 -0.08660254 0.15
 55 0.1 -0.17320508 0.0
 85 0.125 -0.21650635 0.0
 115 0.125 -0.21650635 0.05
 145 0.1 -0.17320508 0.2
 175 0.1 -0.17320508 0.3
 205 0.125 -0.21650635 0.45
 235 0.125 -0.21650635 0.5
 265 0.1 -0.17320508 0.5
 295 0.05 -0.08660254 0.35
 26 0.06691306 -0.07431448 0.15
 56 0.13382612 -0.14862897 0.0
 86 0.16728266 -0.1857862 0.0
 116 0.16728266 -0.1857862 0.05
 146 0.13382612 -0.14862897 0.2
 176 0.13382612 -0.14862897 0.3
 206 0.16728266 -0.1857862 0.45
 236 0.16728266 -0.1857862 0.5
 266 0.13382612 -0.14862897 0.5
 296 0.06691306 -0.07431448 0.35
 27 0.0809017 -0.058778524 0.15
 57 0.1618034 -0.11755705 0.0
 87 0.20225425 -0.14694631 0.0
 117 0.20225425 -0.14694631 0.05
 147 0.1618034 -0.11755705 0.2
 177 0.1618034 -0.11755705 0.3
 207 0.20225425 -0.14694631 0.45
 237 0.20225425 -0.14694631 0.5
 267 0.1618034 -0.11755705 0.5
 297 0.0809017 -0.058778524 0.35
 28 0.09135455 -0.040673666 0.15
 58 0.1827091 -0.08134733 0.0
 88 0.22838636 -0.10168416 0.0
 118 0.22838636 -0.10168416 0.05
 148 0.1827091 -0.08134733 0.2
 178 0.1827091 -0.08134733 0.3
 208 0.22838636 -0.10168416 0.45
 238 0.22838636 -0.10168416 0.5
 268 0.1827091 -0.08134733 0.5
 298 0.09135455 -0.040673666 0.35
 29 0.09781476 -0.02079117 0.15
 59 0.19562952 -0.04158234 0.0
 89 0.2445369 -0.05197792 0.0
 119 0.2445369 -0.05197792 0.05
 149 0.19562952 -0.04158234 0.2
 179 0.19562952 -0.04158234 0.3
 209 0.2445369 -0.05197792 0.45
 239 0.2445369 -0.05197792 0.5
 269 0.19562952 -0.04158234 0.5
 299 0.09781476 -0.02079117 0.35
 30 0.1 0.0 0.15
 60 0.2 0.0 0.0
 90 0.25 0.0 0.0
 120 0.25 0.0 0.05
 150 0.2 0.0 0.2
 180 0.2 0.0 0.3
 210 0.25 0.0 0.45
 240 0.25 0.0 0.5
 270 0.2 0.0 0.5
 300 0.1 0.0 0.35
Faces:
 1 2 3 4 5 6 7 8 9 10 11 12 13 14 15 16 17 18 19 20 21 22 23 24 25 26 27 28 29 30 -90 89 88 87 86 85 84 83 82 81 80 79 78 77 76 75 74 73 72 71 70 69 68 67 66 65 64 63 62 61 90 -30.
 60 59 58 57 56 55 54 53 52 51 50 49 48 47 46 45 44 43 42 41 40 39 38 37 36 35 34 33 32 31 -91 92 93 94 95 96 97 98 99 100 101 102 103 104 105 106 107 108 109 110 111 112 113 114 115 116 117 118 119 120 91 -31.
 2 1 31 32.
 61 62 92 91.
 3 2 32 33.
 62 63 93 92.
 4 3 33 34.
 63 64 94 93.
 5 4 34 35.
 64 65 95 94.
 6 5 35 36.
 65 66 96 95.
 7 6 36 37.
 66 67 97 96.
 8 7 37 38.
 67 68 98 97.
 9 8 38 39.
 68 69 99 98.
 10 9 39 40.
 69 70 100 99.
 11 10 40 41.
 70 71 101 100.
 12 11 41 42.
 71 72 102 101.
 13 12 42 43.
 72 73 103 102.
 14 13 43 44.
 73 74 104 103.
 15 14 44 45.
 74 75 105 104.
 16 15 45 46.
 75 76 106 105.
 17 16 46 47.
 76 77 107 106.
 18 17 47 48.
 77 78 108 107.
 19 18 48 49.
 78 79 109 108.
 20 19 49 50.
 79 80 110 109.
 21 20 50 51.
 80 81 111 110.
 22 21 51 52.
 81 82 112 111.
 23 22 52 53.
 82 83 113 112.
 24 23 53 54.
 83 84 114 113.
 25 24 54 55.
 84 85 115 114.
 26 25 55 56.
 85 86 116 115.
 27 26 56 57.
 86 87 117 116.
 28 27 57 58.
 87 88 118 117.
 29 28 58 59.
 88 89 119 118.
 30 29 59 60.
 89 90 120 119.
 1 30 60 31.
 90 61 91 120.